{
  "baseline_cka": [
    [
      1.0,
      0.9806426167488098,
      0.9412645101547241,
      0.9194535613059998,
      0.8948886394500732,
      0.8837495446205139,
      0.8784953951835632,
      0.8671631217002869,
      0.8626402020454407,
      0.8574956059455872,
      0.8532160520553589,
      0.8473880290985107,
      0.8407722115516663,
      0.8335630297660828,
      0.8316264748573303,
      0.8229835629463196,
      0.8206415772438049,
      0.8115862011909485,
      0.8074479699134827,
      0.8074337840080261,
      0.8048494458198547,
      0.8039133548736572,
      0.8006888031959534,
      0.8020690083503723,
      0.8032444715499878,
      0.8013572692871094,
      0.8022744059562683,
      0.8010424375534058,
      0.7965230941772461,
      0.7974938154220581
    ],
    [
      0.9806426167488098,
      1.0,
      0.9882761240005493,
      0.9768773317337036,
      0.962368369102478,
      0.9550210237503052,
      0.9507741332054138,
      0.9433404803276062,
      0.9396976232528687,
      0.9358142614364624,
      0.9328504800796509,
      0.9288846850395203,
      0.9241816401481628,
      0.9185315370559692,
      0.9165758490562439,
      0.9095836877822876,
      0.9077511429786682,
      0.9005414247512817,
      0.8972369432449341,
      0.8970872759819031,
      0.8947629928588867,
      0.8944401144981384,
      0.8922132849693298,
      0.8931033611297607,
      0.8940461277961731,
      0.8922688364982605,
      0.8930813670158386,
      0.8922047019004822,
      0.8884800672531128,
      0.8892910480499268
    ],
    [
      0.9412645101547241,
      0.9882761240005493,
      1.0,
      0.9979003667831421,
      0.9921520948410034,
      0.9884629249572754,
      0.985847532749176,
      0.9818326830863953,
      0.9794788360595703,
      0.976902425289154,
      0.9749937057495117,
      0.97244793176651,
      0.9694553017616272,
      0.9655579924583435,
      0.9641163945198059,
      0.959155797958374,
      0.9577836394309998,
      0.9525909423828125,
      0.9501153826713562,
      0.9498924612998962,
      0.948146641254425,
      0.9479942321777344,
      0.9464847445487976,
      0.9468271136283875,
      0.9473730325698853,
      0.9458733201026917,
      0.9463047385215759,
      0.9456737041473389,
      0.9428107738494873,
      0.943264365196228
    ],
    [
      0.9194535613059998,
      0.9768773317337036,
      0.9979003667831421,
      1.0,
      0.9979657530784607,
      0.9959774017333984,
      0.9944466948509216,
      0.991804838180542,
      0.9901857972145081,
      0.9882956743240356,
      0.9867871999740601,
      0.9848148226737976,
      0.9824545979499817,
      0.9794676899909973,
      0.9784757494926453,
      0.9745764136314392,
      0.9733892679214478,
      0.9691811800003052,
      0.9670464396476746,
      0.9668228626251221,
      0.9654809236526489,
      0.9652929902076721,
      0.9640055298805237,
      0.9641886949539185,
      0.9645741581916809,
      0.9632883667945862,
      0.9635001420974731,
      0.9629613757133484,
      0.9605446457862854,
      0.9607921838760376
    ],
    [
      0.8948886394500732,
      0.962368369102478,
      0.9921520948410034,
      0.9979657530784607,
      1.0,
      0.9995594620704651,
      0.9986525177955627,
      0.9975917935371399,
      0.996489942073822,
      0.9953062534332275,
      0.9944561719894409,
      0.9933027029037476,
      0.9917564988136292,
      0.989538848400116,
      0.9886375665664673,
      0.9856492280960083,
      0.9846199750900269,
      0.9813950657844543,
      0.9797489047050476,
      0.9794449806213379,
      0.9783411026000977,
      0.9784163236618042,
      0.977495551109314,
      0.9775531888008118,
      0.9777767658233643,
      0.9766325950622559,
      0.9767706990242004,
      0.9764970541000366,
      0.974533200263977,
      0.974656343460083
    ],
    [
      0.8837495446205139,
      0.9550210237503052,
      0.9884629249572754,
      0.9959774017333984,
      0.9995594620704651,
      1.0,
      0.9996113777160645,
      0.9991008639335632,
      0.9983343482017517,
      0.9974889159202576,
      0.9968224167823792,
      0.9959167242050171,
      0.9946196675300598,
      0.9928761720657349,
      0.9922022223472595,
      0.9897252917289734,
      0.9887944459915161,
      0.9860624074935913,
      0.9845521450042725,
      0.9842899441719055,
      0.9834171533584595,
      0.9834290742874146,
      0.982566237449646,
      0.9825482964515686,
      0.9827033281326294,
      0.9816871881484985,
      0.9816901683807373,
      0.9814292788505554,
      0.9796767830848694,
      0.9796915650367737
    ],
    [
      0.8784953951835632,
      0.9507741332054138,
      0.985847532749176,
      0.9944466948509216,
      0.9986525177955627,
      0.9996113777160645,
      1.0,
      0.9996232390403748,
      0.99928218126297,
      0.9986776113510132,
      0.9979739189147949,
      0.9970346689224243,
      0.995769202709198,
      0.9944368004798889,
      0.9942137002944946,
      0.9921973347663879,
      0.9913418292999268,
      0.988934338092804,
      0.9874686598777771,
      0.9872608780860901,
      0.9866498708724976,
      0.9864323139190674,
      0.9854788780212402,
      0.9854817986488342,
      0.985605776309967,
      0.9847633838653564,
      0.9846079349517822,
      0.9842733144760132,
      0.9826993346214294,
      0.9825950860977173
    ],
    [
      0.8671631217002869,
      0.9433404803276062,
      0.9818326830863953,
      0.991804838180542,
      0.9975917935371399,
      0.9991008639335632,
      0.9996232390403748,
      1.0,
      0.999852180480957,
      0.9995514154434204,
      0.9991936683654785,
      0.9986198544502258,
      0.9977781772613525,
      0.9967434406280518,
      0.9964341521263123,
      0.9947524666786194,
      0.9940410256385803,
      0.9920114278793335,
      0.9908156991004944,
      0.9905900955200195,
      0.9899693131446838,
      0.9899265170097351,
      0.9891951680183411,
      0.9891427755355835,
      0.9892173409461975,
      0.9884123206138611,
      0.9882863759994507,
      0.9880521297454834,
      0.986660361289978,
      0.986562192440033
    ],
    [
      0.8626402020454407,
      0.9396976232528687,
      0.9794788360595703,
      0.9901857972145081,
      0.996489942073822,
      0.9983343482017517,
      0.99928218126297,
      0.999852180480957,
      1.0,
      0.9998785257339478,
      0.9995742440223694,
      0.9990357160568237,
      0.9983050227165222,
      0.9975326657295227,
      0.9974380731582642,
      0.996042788028717,
      0.9954286217689514,
      0.9936195611953735,
      0.9925224184989929,
      0.9923257231712341,
      0.9918169975280762,
      0.9916913509368896,
      0.9909665584564209,
      0.9909225106239319,
      0.9909770488739014,
      0.990278422832489,
      0.9900989532470703,
      0.9898258447647095,
      0.9885591268539429,
      0.9884185194969177
    ],
    [
      0.8574956059455872,
      0.9358142614364624,
      0.976902425289154,
      0.9882956743240356,
      0.9953062534332275,
      0.9974889159202576,
      0.9986776113510132,
      0.9995514154434204,
      0.9998785257339478,
      1.0,
      0.9998700022697449,
      0.9994964003562927,
      0.9989161491394043,
      0.9983662366867065,
      0.9983102679252625,
      0.9971458911895752,
      0.9966383576393127,
      0.9950585961341858,
      0.994098424911499,
      0.9939301609992981,
      0.9934596419334412,
      0.9933770895004272,
      0.9927260875701904,
      0.9927211999893188,
      0.9927768707275391,
      0.9921559691429138,
      0.9919931888580322,
      0.9917538166046143,
      0.9906102418899536,
      0.9904688000679016
    ],
    [
      0.8532160520553589,
      0.9328504800796509,
      0.9749937057495117,
      0.9867871999740601,
      0.9944561719894409,
      0.9968224167823792,
      0.9979739189147949,
      0.9991936683654785,
      0.9995742440223694,
      0.9998700022697449,
      1.0,
      0.9998535513877869,
      0.9994996190071106,
      0.9990527629852295,
      0.9988488554954529,
      0.997771680355072,
      0.9973738789558411,
      0.9959455132484436,
      0.9951612949371338,
      0.9949969053268433,
      0.9944456815719604,
      0.9945313930511475,
      0.9940284490585327,
      0.9940537810325623,
      0.9941287040710449,
      0.9935250282287598,
      0.993462085723877,
      0.993287205696106,
      0.9922307133674622,
      0.9921483397483826
    ],
    [
      0.8473880290985107,
      0.9288846850395203,
      0.97244793176651,
      0.9848148226737976,
      0.9933027029037476,
      0.9959167242050171,
      0.9970346689224243,
      0.9986198544502258,
      0.9990357160568237,
      0.9994964003562927,
      0.9998535513877869,
      1.0,
      0.9998424649238586,
      0.9994868040084839,
      0.9991552829742432,
      0.9981628656387329,
      0.9978290796279907,
      0.9965668320655823,
      0.9959248900413513,
      0.9957414865493774,
      0.9951608777046204,
      0.9954273700714111,
      0.9950800538063049,
      0.9951072335243225,
      0.9951874017715454,
      0.9945950508117676,
      0.9946156740188599,
      0.9945358633995056,
      0.9935635924339294,
      0.9935204386711121
    ],
    [
      0.8407722115516663,
      0.9241816401481628,
      0.9694553017616272,
      0.9824545979499817,
      0.9917564988136292,
      0.9946196675300598,
      0.995769202709198,
      0.9977781772613525,
      0.9983050227165222,
      0.9989161491394043,
      0.9994996190071106,
      0.9998424649238586,
      1.0,
      0.9998128414154053,
      0.9994131326675415,
      0.9985805153846741,
      0.9983634352684021,
      0.9973024129867554,
      0.9968583583831787,
      0.9966611266136169,
      0.9960260987281799,
      0.996412456035614,
      0.9962072372436523,
      0.9962139129638672,
      0.9962713718414307,
      0.9957048892974854,
      0.9957691431045532,
      0.9957312941551208,
      0.9948663711547852,
      0.9948557019233704
    ],
    [
      0.8335630297660828,
      0.9185315370559692,
      0.9655579924583435,
      0.9794676899909973,
      0.989538848400116,
      0.9928761720657349,
      0.9944368004798889,
      0.9967434406280518,
      0.9975326657295227,
      0.9983662366867065,
      0.9990527629852295,
      0.9994868040084839,
      0.9998128414154053,
      1.0,
      0.9998093843460083,
      0.9993453025817871,
      0.9992364048957825,
      0.9984978437423706,
      0.9981544613838196,
      0.9980118870735168,
      0.9975138902664185,
      0.9977988004684448,
      0.9975997805595398,
      0.9975760579109192,
      0.9976047277450562,
      0.9971498250961304,
      0.9971041083335876,
      0.9970294237136841,
      0.9963201880455017,
      0.9962367415428162
    ],
    [
      0.8316264748573303,
      0.9165758490562439,
      0.9641163945198059,
      0.9784757494926453,
      0.9886375665664673,
      0.9922022223472595,
      0.9942137002944946,
      0.9964341521263123,
      0.9974380731582642,
      0.9983102679252625,
      0.9988488554954529,
      0.9991552829742432,
      0.9994131326675415,
      0.9998093843460083,
      1.0,
      0.9997837543487549,
      0.999647319316864,
      0.9990509152412415,
      0.9986445903778076,
      0.9985189437866211,
      0.9982341527938843,
      0.9982895255088806,
      0.997960090637207,
      0.9979109764099121,
      0.9978912472724915,
      0.9975317716598511,
      0.9973162412643433,
      0.9971678256988525,
      0.9965330958366394,
      0.9963234066963196
    ],
    [
      0.8229835629463196,
      0.9095836877822876,
      0.959155797958374,
      0.9745764136314392,
      0.9856492280960083,
      0.9897252917289734,
      0.9921973347663879,
      0.9947524666786194,
      0.996042788028717,
      0.9971458911895752,
      0.997771680355072,
      0.9981628656387329,
      0.9985805153846741,
      0.9993453025817871,
      0.9997837543487549,
      1.0,
      0.9999178051948547,
      0.9996749758720398,
      0.9993647933006287,
      0.9992648363113403,
      0.9991615414619446,
      0.9991094470024109,
      0.9987727403640747,
      0.9986842274665833,
      0.9985972046852112,
      0.9983450770378113,
      0.9979895353317261,
      0.997836709022522,
      0.9973677396774292,
      0.9970510005950928
    ],
    [
      0.8206415772438049,
      0.9077511429786682,
      0.9577836394309998,
      0.9733892679214478,
      0.9846199750900269,
      0.9887944459915161,
      0.9913418292999268,
      0.9940410256385803,
      0.9954286217689514,
      0.9966383576393127,
      0.9973738789558411,
      0.9978290796279907,
      0.9983634352684021,
      0.9992364048957825,
      0.999647319316864,
      0.9999178051948547,
      1.0,
      0.9998193979263306,
      0.9996123909950256,
      0.9995623230934143,
      0.9993923306465149,
      0.999372124671936,
      0.9991098046302795,
      0.999050498008728,
      0.9990044832229614,
      0.998794436454773,
      0.9985005855560303,
      0.9983086585998535,
      0.997891366481781,
      0.9976279735565186
    ],
    [
      0.8115862011909485,
      0.9005414247512817,
      0.9525909423828125,
      0.9691811800003052,
      0.9813950657844543,
      0.9860624074935913,
      0.988934338092804,
      0.9920114278793335,
      0.9936195611953735,
      0.9950585961341858,
      0.9959455132484436,
      0.9965668320655823,
      0.9973024129867554,
      0.9984978437423706,
      0.9990509152412415,
      0.9996749758720398,
      0.9998193979263306,
      1.0,
      0.9999120235443115,
      0.9998828172683716,
      0.9998534321784973,
      0.9997999668121338,
      0.9995816349983215,
      0.9994854927062988,
      0.9993957281112671,
      0.9992777705192566,
      0.9988964200019836,
      0.9987274408340454,
      0.9984642863273621,
      0.9981424808502197
    ],
    [
      0.8074479699134827,
      0.8972369432449341,
      0.9501153826713562,
      0.9670464396476746,
      0.9797489047050476,
      0.9845521450042725,
      0.9874686598777771,
      0.9908156991004944,
      0.9925224184989929,
      0.994098424911499,
      0.9951612949371338,
      0.9959248900413513,
      0.9968583583831787,
      0.9981544613838196,
      0.9986445903778076,
      0.9993647933006287,
      0.9996123909950256,
      0.9999120235443115,
      1.0,
      0.9999693036079407,
      0.9998773336410522,
      0.99993497133255,
      0.9998249411582947,
      0.9997649788856506,
      0.9996766448020935,
      0.9995902180671692,
      0.9992857575416565,
      0.9991568922996521,
      0.9989762306213379,
      0.9986991882324219
    ],
    [
      0.8074337840080261,
      0.8970872759819031,
      0.9498924612998962,
      0.9668228626251221,
      0.9794449806213379,
      0.9842899441719055,
      0.9872608780860901,
      0.9905900955200195,
      0.9923257231712341,
      0.9939301609992981,
      0.9949969053268433,
      0.9957414865493774,
      0.9966611266136169,
      0.9980118870735168,
      0.9985189437866211,
      0.9992648363113403,
      0.9995623230934143,
      0.9998828172683716,
      0.9999693036079407,
      1.0,
      0.9999058842658997,
      0.9999233484268188,
      0.9998041391372681,
      0.9997496008872986,
      0.9996814131736755,
      0.9996190667152405,
      0.9993072748184204,
      0.9991392493247986,
      0.9989596009254456,
      0.9986940622329712
    ],
    [
      0.8048494458198547,
      0.8947629928588867,
      0.948146641254425,
      0.9654809236526489,
      0.9783411026000977,
      0.9834171533584595,
      0.9866498708724976,
      0.9899693131446838,
      0.9918169975280762,
      0.9934596419334412,
      0.9944456815719604,
      0.9951608777046204,
      0.9960260987281799,
      0.9975138902664185,
      0.9982341527938843,
      0.9991615414619446,
      0.9993923306465149,
      0.9998534321784973,
      0.9998773336410522,
      0.9999058842658997,
      1.0,
      0.9998864531517029,
      0.9996824264526367,
      0.9995816349983215,
      0.9994692802429199,
      0.9994575381278992,
      0.9990113973617554,
      0.9988275170326233,
      0.9986966848373413,
      0.9983298182487488
    ],
    [
      0.8039133548736572,
      0.8944401144981384,
      0.9479942321777344,
      0.9652929902076721,
      0.9784163236618042,
      0.9834290742874146,
      0.9864323139190674,
      0.9899265170097351,
      0.9916913509368896,
      0.9933770895004272,
      0.9945313930511475,
      0.9954273700714111,
      0.996412456035614,
      0.9977988004684448,
      0.9982895255088806,
      0.9991094470024109,
      0.999372124671936,
      0.9997999668121338,
      0.99993497133255,
      0.9999233484268188,
      0.9998864531517029,
      1.0,
      0.9999362826347351,
      0.9998754858970642,
      0.9997889399528503,
      0.9997373223304749,
      0.9994413256645203,
      0.999355137348175,
      0.9992250800132751,
      0.9989489912986755
    ],
    [
      0.8006888031959534,
      0.8922132849693298,
      0.9464847445487976,
      0.9640055298805237,
      0.977495551109314,
      0.982566237449646,
      0.9854788780212402,
      0.9891951680183411,
      0.9909665584564209,
      0.9927260875701904,
      0.9940284490585327,
      0.9950800538063049,
      0.9962072372436523,
      0.9975997805595398,
      0.997960090637207,
      0.9987727403640747,
      0.9991098046302795,
      0.9995816349983215,
      0.9998249411582947,
      0.9998041391372681,
      0.9996824264526367,
      0.9999362826347351,
      1.0,
      0.9999461770057678,
      0.9998759627342224,
      0.9998189210891724,
      0.9996147155761719,
      0.9995676279067993,
      0.9994705319404602,
      0.9992531538009644
    ],
    [
      0.8020690083503723,
      0.8931033611297607,
      0.9468271136283875,
      0.9641886949539185,
      0.9775531888008118,
      0.9825482964515686,
      0.9854817986488342,
      0.9891427755355835,
      0.9909225106239319,
      0.9927211999893188,
      0.9940537810325623,
      0.9951072335243225,
      0.9962139129638672,
      0.9975760579109192,
      0.9979109764099121,
      0.9986842274665833,
      0.999050498008728,
      0.9994854927062988,
      0.9997649788856506,
      0.9997496008872986,
      0.9995816349983215,
      0.9998754858970642,
      0.9999461770057678,
      1.0,
      0.9999752044677734,
      0.9999371767044067,
      0.9998170137405396,
      0.9997801184654236,
      0.9996944069862366,
      0.9995267391204834
    ],
    [
      0.8032444715499878,
      0.8940461277961731,
      0.9473730325698853,
      0.9645741581916809,
      0.9777767658233643,
      0.9827033281326294,
      0.985605776309967,
      0.9892173409461975,
      0.9909770488739014,
      0.9927768707275391,
      0.9941287040710449,
      0.9951874017715454,
      0.9962713718414307,
      0.9976047277450562,
      0.9978912472724915,
      0.9985972046852112,
      0.9990044832229614,
      0.9993957281112671,
      0.9996766448020935,
      0.9996814131736755,
      0.9994692802429199,
      0.9997889399528503,
      0.9998759627342224,
      0.9999752044677734,
      1.0,
      0.9999696612358093,
      0.9999070167541504,
      0.9998511075973511,
      0.9997536540031433,
      0.9996322989463806
    ],
    [
      0.8013572692871094,
      0.8922688364982605,
      0.9458733201026917,
      0.9632883667945862,
      0.9766325950622559,
      0.9816871881484985,
      0.9847633838653564,
      0.9884123206138611,
      0.990278422832489,
      0.9921559691429138,
      0.9935250282287598,
      0.9945950508117676,
      0.9957048892974854,
      0.9971498250961304,
      0.9975317716598511,
      0.9983450770378113,
      0.998794436454773,
      0.9992777705192566,
      0.9995902180671692,
      0.9996190667152405,
      0.9994575381278992,
      0.9997373223304749,
      0.9998189210891724,
      0.9999371767044067,
      0.9999696612358093,
      1.0,
      0.9999191164970398,
      0.9998435378074646,
      0.9997977614402771,
      0.9996606111526489
    ],
    [
      0.8022744059562683,
      0.8930813670158386,
      0.9463047385215759,
      0.9635001420974731,
      0.9767706990242004,
      0.9816901683807373,
      0.9846079349517822,
      0.9882863759994507,
      0.9900989532470703,
      0.9919931888580322,
      0.993462085723877,
      0.9946156740188599,
      0.9957691431045532,
      0.9971041083335876,
      0.9973162412643433,
      0.9979895353317261,
      0.9985005855560303,
      0.9988964200019836,
      0.9992857575416565,
      0.9993072748184204,
      0.9990113973617554,
      0.9994413256645203,
      0.9996147155761719,
      0.9998170137405396,
      0.9999070167541504,
      0.9999191164970398,
      1.0,
      0.9999561905860901,
      0.9998948574066162,
      0.9998658895492554
    ],
    [
      0.8010424375534058,
      0.8922047019004822,
      0.9456737041473389,
      0.9629613757133484,
      0.9764970541000366,
      0.9814292788505554,
      0.9842733144760132,
      0.9880521297454834,
      0.9898258447647095,
      0.9917538166046143,
      0.993287205696106,
      0.9945358633995056,
      0.9957312941551208,
      0.9970294237136841,
      0.9971678256988525,
      0.997836709022522,
      0.9983086585998535,
      0.9987274408340454,
      0.9991568922996521,
      0.9991392493247986,
      0.9988275170326233,
      0.999355137348175,
      0.9995676279067993,
      0.9997801184654236,
      0.9998511075973511,
      0.9998435378074646,
      0.9999561905860901,
      1.0,
      0.9999545216560364,
      0.9999269247055054
    ],
    [
      0.7965230941772461,
      0.8884800672531128,
      0.9428107738494873,
      0.9605446457862854,
      0.974533200263977,
      0.9796767830848694,
      0.9826993346214294,
      0.986660361289978,
      0.9885591268539429,
      0.9906102418899536,
      0.9922307133674622,
      0.9935635924339294,
      0.9948663711547852,
      0.9963201880455017,
      0.9965330958366394,
      0.9973677396774292,
      0.997891366481781,
      0.9984642863273621,
      0.9989762306213379,
      0.9989596009254456,
      0.9986966848373413,
      0.9992250800132751,
      0.9994705319404602,
      0.9996944069862366,
      0.9997536540031433,
      0.9997977614402771,
      0.9998948574066162,
      0.9999545216560364,
      1.0,
      0.9999513030052185
    ],
    [
      0.7974938154220581,
      0.8892910480499268,
      0.943264365196228,
      0.9607921838760376,
      0.974656343460083,
      0.9796915650367737,
      0.9825950860977173,
      0.986562192440033,
      0.9884185194969177,
      0.9904688000679016,
      0.9921483397483826,
      0.9935204386711121,
      0.9948557019233704,
      0.9962367415428162,
      0.9963234066963196,
      0.9970510005950928,
      0.9976279735565186,
      0.9981424808502197,
      0.9986991882324219,
      0.9986940622329712,
      0.9983298182487488,
      0.9989489912986755,
      0.9992531538009644,
      0.9995267391204834,
      0.9996322989463806,
      0.9996606111526489,
      0.9998658895492554,
      0.9999269247055054,
      0.9999513030052185,
      1.0
    ]
  ],
  "configurations": [
    {
      "skip_distance": 3,
      "mean_novelty": 0.7244819910437973,
      "std_novelty": 0.39131086471343385,
      "per_layer_novelty": [
        0.7373546659946442,
        0.15560400485992432,
        0.0002980232238769531,
        0.0006374716758728027,
        0.0005850791931152344,
        0.0013731122016906738,
        0.10139322280883789,
        0.4456872344017029,
        0.6312291920185089,
        0.6309178471565247,
        0.8559339046478271,
        1.0,
        1.0,
        1.0,
        1.0,
        1.0,
        1.0,
        1.0,
        1.0,
        1.0,
        1.0,
        1.0,
        1.0,
        1.0,
        1.0,
        1.0,
        1.0
      ],
      "config": {
        "distance": 3,
        "alpha": 0.65,
        "name": "d3_a0.65 (custom)",
        "checkpoint": "checkpoints/stage1_d3_a065_stage1_full"
      }
    }
  ]
}